
SUMMARISING RUN PARAMETERS
==========================
Input filename: /scicomp/home-pure/qxu5/threshold_cutoff/44272_S32_L001_R1_001.fastq.gz
Trimming mode: paired-end
Trim Galore version: 0.6.7
Cutadapt version: 1.18
Number of cores used for trimming: 1
Quality Phred score cutoff: 20
Quality encoding type selected: ASCII+33
Using Illumina adapter for trimming (count: 29400). Second best hit was smallRNA (count: 0)
Adapter sequence: 'AGATCGGAAGAGC' (Illumina TruSeq, Sanger iPCR; auto-detected)
Maximum trimming error rate: 0.1 (default)
Minimum required adapter overlap (stringency): 1 bp
Minimum required sequence length for both reads before a sequence pair gets removed: 100 bp
Output file will be GZIP compressed


This is cutadapt 1.18 with Python 3.7.12
Command line parameters: -j 1 -e 0.1 -q 20 -O 1 -a AGATCGGAAGAGC /scicomp/home-pure/qxu5/threshold_cutoff/44272_S32_L001_R1_001.fastq.gz
Processing reads on 1 core in single-end mode ...
Finished in 119.34 s (84 us/read; 0.71 M reads/minute).

=== Summary ===

Total reads processed:               1,413,878
Reads with adapters:                   584,948 (41.4%)
Reads written (passing filters):     1,413,878 (100.0%)

Total basepairs processed:   354,883,378 bp
Quality-trimmed:               2,391,667 bp (0.7%)
Total written (filtered):    348,653,621 bp (98.2%)

=== Adapter 1 ===

Sequence: AGATCGGAAGAGC; Type: regular 3'; Length: 13; Trimmed: 584948 times.

No. of allowed errors:
0-9 bp: 0; 10-13 bp: 1

Bases preceding removed adapters:
  A: 44.8%
  C: 16.0%
  G: 12.4%
  T: 26.2%
  none/other: 0.6%

Overview of removed sequences
length	count	expect	max.err	error counts
1	425620	353469.5	0	425620
2	67053	88367.4	0	67053
3	28464	22091.8	0	28464
4	8434	5523.0	0	8434
5	1783	1380.7	0	1783
6	817	345.2	0	817
7	722	86.3	0	722
8	648	21.6	0	648
9	863	5.4	0	822 41
10	764	1.3	1	710 54
11	455	0.3	1	410 45
12	641	0.1	1	610 31
13	651	0.0	1	614 37
14	610	0.0	1	565 45
15	622	0.0	1	593 29
16	455	0.0	1	422 33
17	617	0.0	1	556 61
18	670	0.0	1	638 32
19	420	0.0	1	384 36
20	627	0.0	1	597 30
21	456	0.0	1	417 39
22	524	0.0	1	491 33
23	593	0.0	1	553 40
24	582	0.0	1	535 47
25	746	0.0	1	701 45
26	323	0.0	1	282 41
27	570	0.0	1	522 48
28	720	0.0	1	691 29
29	412	0.0	1	362 50
30	572	0.0	1	545 27
31	497	0.0	1	456 41
32	719	0.0	1	679 40
33	346	0.0	1	311 35
34	615	0.0	1	578 37
35	436	0.0	1	403 33
36	452	0.0	1	409 43
37	500	0.0	1	464 36
38	561	0.0	1	527 34
39	554	0.0	1	520 34
40	496	0.0	1	472 24
41	448	0.0	1	421 27
42	524	0.0	1	487 37
43	819	0.0	1	780 39
44	299	0.0	1	270 29
45	441	0.0	1	415 26
46	264	0.0	1	246 18
47	502	0.0	1	477 25
48	285	0.0	1	261 24
49	496	0.0	1	462 34
50	324	0.0	1	298 26
51	572	0.0	1	540 32
52	272	0.0	1	247 25
53	435	0.0	1	390 45
54	575	0.0	1	533 42
55	517	0.0	1	493 24
56	259	0.0	1	225 34
57	451	0.0	1	422 29
58	412	0.0	1	374 38
59	440	0.0	1	408 32
60	439	0.0	1	406 33
61	351	0.0	1	332 19
62	263	0.0	1	238 25
63	424	0.0	1	402 22
64	323	0.0	1	295 28
65	295	0.0	1	275 20
66	327	0.0	1	306 21
67	256	0.0	1	231 25
68	368	0.0	1	334 34
69	378	0.0	1	351 27
70	373	0.0	1	348 25
71	375	0.0	1	343 32
72	485	0.0	1	443 42
73	474	0.0	1	415 59
74	697	0.0	1	575 122
75	1603	0.0	1	1189 414
76	4573	0.0	1	4114 459
77	2985	0.0	1	2642 343
78	1438	0.0	1	1238 200
79	763	0.0	1	638 125
80	469	0.0	1	371 98
81	337	0.0	1	260 77
82	275	0.0	1	207 68
83	247	0.0	1	186 61
84	215	0.0	1	161 54
85	184	0.0	1	146 38
86	148	0.0	1	116 32
87	138	0.0	1	95 43
88	144	0.0	1	113 31
89	127	0.0	1	100 27
90	117	0.0	1	86 31
91	131	0.0	1	99 32
92	103	0.0	1	80 23
93	88	0.0	1	64 24
94	84	0.0	1	63 21
95	90	0.0	1	67 23
96	95	0.0	1	66 29
97	98	0.0	1	74 24
98	82	0.0	1	61 21
99	66	0.0	1	50 16
100	74	0.0	1	51 23
101	63	0.0	1	47 16
102	72	0.0	1	54 18
103	69	0.0	1	55 14
104	52	0.0	1	32 20
105	63	0.0	1	50 13
106	73	0.0	1	60 13
107	61	0.0	1	43 18
108	61	0.0	1	48 13
109	55	0.0	1	42 13
110	60	0.0	1	41 19
111	56	0.0	1	39 17
112	49	0.0	1	40 9
113	56	0.0	1	39 17
114	56	0.0	1	43 13
115	51	0.0	1	36 15
116	63	0.0	1	38 25
117	50	0.0	1	32 18
118	52	0.0	1	36 16
119	54	0.0	1	32 22
120	66	0.0	1	38 28
121	47	0.0	1	31 16
122	57	0.0	1	35 22
123	54	0.0	1	34 20
124	40	0.0	1	26 14
125	31	0.0	1	18 13
126	44	0.0	1	25 19
127	42	0.0	1	22 20
128	38	0.0	1	25 13
129	36	0.0	1	17 19
130	31	0.0	1	25 6
131	49	0.0	1	23 26
132	32	0.0	1	16 16
133	38	0.0	1	24 14
134	30	0.0	1	21 9
135	45	0.0	1	20 25
136	28	0.0	1	13 15
137	36	0.0	1	19 17
138	39	0.0	1	19 20
139	28	0.0	1	17 11
140	35	0.0	1	22 13
141	37	0.0	1	13 24
142	34	0.0	1	20 14
143	35	0.0	1	18 17
144	32	0.0	1	18 14
145	47	0.0	1	20 27
146	33	0.0	1	15 18
147	40	0.0	1	25 15
148	22	0.0	1	7 15
149	28	0.0	1	15 13
150	27	0.0	1	13 14
151	32	0.0	1	10 22
152	34	0.0	1	15 19
153	23	0.0	1	9 14
154	34	0.0	1	21 13
155	26	0.0	1	14 12
156	25	0.0	1	11 14
157	20	0.0	1	10 10
158	31	0.0	1	13 18
159	27	0.0	1	9 18
160	27	0.0	1	18 9
161	33	0.0	1	13 20
162	32	0.0	1	13 19
163	31	0.0	1	13 18
164	16	0.0	1	9 7
165	20	0.0	1	11 9
166	20	0.0	1	9 11
167	19	0.0	1	9 10
168	29	0.0	1	12 17
169	31	0.0	1	12 19
170	14	0.0	1	5 9
171	28	0.0	1	12 16
172	22	0.0	1	10 12
173	25	0.0	1	12 13
174	20	0.0	1	12 8
175	23	0.0	1	9 14
176	18	0.0	1	6 12
177	27	0.0	1	10 17
178	16	0.0	1	8 8
179	21	0.0	1	9 12
180	16	0.0	1	4 12
181	21	0.0	1	9 12
182	16	0.0	1	4 12
183	20	0.0	1	8 12
184	24	0.0	1	13 11
185	22	0.0	1	11 11
186	18	0.0	1	7 11
187	20	0.0	1	8 12
188	17	0.0	1	7 10
189	24	0.0	1	9 15
190	17	0.0	1	6 11
191	12	0.0	1	7 5
192	17	0.0	1	9 8
193	15	0.0	1	2 13
194	22	0.0	1	7 15
195	13	0.0	1	3 10
196	9	0.0	1	3 6
197	15	0.0	1	6 9
198	9	0.0	1	5 4
199	11	0.0	1	5 6
200	7	0.0	1	4 3
201	8	0.0	1	3 5
202	13	0.0	1	4 9
203	6	0.0	1	3 3
204	11	0.0	1	7 4
205	10	0.0	1	4 6
206	6	0.0	1	0 6
207	14	0.0	1	4 10
208	8	0.0	1	2 6
209	6	0.0	1	1 5
210	10	0.0	1	0 10
211	7	0.0	1	1 6
212	11	0.0	1	1 10
213	8	0.0	1	2 6
214	3	0.0	1	1 2
215	4	0.0	1	1 3
216	7	0.0	1	0 7
217	1	0.0	1	0 1
218	4	0.0	1	0 4
219	6	0.0	1	0 6
220	1	0.0	1	0 1
221	6	0.0	1	0 6
222	3	0.0	1	0 3
223	9	0.0	1	2 7
224	4	0.0	1	0 4
225	6	0.0	1	0 6
226	6	0.0	1	0 6
227	8	0.0	1	0 8
228	1	0.0	1	1
229	6	0.0	1	1 5
230	5	0.0	1	1 4
231	8	0.0	1	2 6
232	7	0.0	1	0 7
233	2	0.0	1	0 2
234	2	0.0	1	0 2
235	6	0.0	1	0 6
236	4	0.0	1	0 4
237	3	0.0	1	0 3
238	6	0.0	1	0 6
239	2	0.0	1	0 2
240	2	0.0	1	0 2
241	5	0.0	1	0 5
242	6	0.0	1	0 6
243	5	0.0	1	0 5
244	11	0.0	1	2 9
245	6	0.0	1	1 5
246	6	0.0	1	0 6
247	7	0.0	1	1 6
248	16	0.0	1	0 16
249	26	0.0	1	0 26
250	62	0.0	1	0 62
251	745	0.0	1	2 743


RUN STATISTICS FOR INPUT FILE: /scicomp/home-pure/qxu5/threshold_cutoff/44272_S32_L001_R1_001.fastq.gz
=============================================
1413878 sequences processed in total

